0 0.0 0.0
1 0.0 0.0
2 0.0 0.0
3 0.0 0.0
4 0.0 0.0
5 0.0 0.0
6 0.0 0.0
7 0.0 0.0
8 0.0 0.0
9 0.0 0.0
10 0.0 0.0
11 0.0 0.0
12 0.0 0.0
13 0.0 0.0
14 0.0 0.0
15 0.0 0.0
16 0.0 0.0
17 0.0 0.0
18 0.0 0.0
19 0.0 0.0
20 0.0 0.0
21 0.0 0.0
22 0.0 0.0
23 0.0 0.0
24 0.0 0.0
25 0.0 0.0
26 0.0 0.0
27 0.0 0.0
28 0.0 0.0
29 0.0 0.0
30 0.0 0.0
31 0.0 0.0
32 0.0 0.0
33 0.0 0.0
34 0.0 0.0
35 0.0 0.0
36 0.0 0.0
37 0.0 0.0
38 0.0 0.0
39 0.0 0.0
40 0.0 1.50473693559e-05
41 0.0 0.0025254984124
42 0.0 0.0132633790747
43 0.0 0.0321704382608
44 0.0 0.0567020672202
45 0.0 0.0846793835914
46 0.0 0.114622018776
47 0.0 0.14557519877
48 0.0 0.176928446445
49 0.0 0.20829042985
50 0.0 0.239409547417
51 0.0 0.270124198438
52 0.0 0.300331487153
53 0.0 0.329967230667
54 0.0 0.358992991074
55 3.36802504917e-06 0.387387532587
56 1.34111361368e-05 0.415141099658
57 0.000455760383146 0.442251553208
58 0.00314038016982 0.468721706409
59 0.00928919414637 0.494557491034
60 0.0188695254992 0.519766661552
61 0.0313069815107 0.54435789117
62 0.0459498584568 0.568340118301
63 0.0622294823136 0.591722083469
64 0.0796915807767 0.614511984664
65 0.0979858179969 0.636717228132
66 0.116845767183 0.658344231295
67 0.136069740447 0.679398273882
68 0.15550511387 0.699883370433
69 0.175036237472 0.719802160657
70 0.194575336667 0.739155806279
71 0.214055712834 0.757943889099
72 0.23342667709 0.776164305439
73 0.252649759809 0.793813151997
74 0.271695864657 0.810884599264
75 0.290543115551 0.827370751466
76 0.309175221926 0.843261487597
77 0.327580225855 0.858544281232
78 0.345749538425 0.873204003084
79 0.363677195138 0.887222699906
80 0.381359270495 0.900579352897
81 0.398793425796 0.913249632047
82 0.415978554634 0.925205641043
83 0.432914492491 0.93641569865
84 0.449601797519 0.946844181332
85 0.4660415716 0.956451513253
86 0.482235316706 0.96519442726
87 0.498184816869 0.97302670555
88 0.513892051304 0.97990076576
89 0.529359116546 0.985770681858
90 0.544588165395 0.990597618213
91 0.559581359363 0.994359198311
92 0.574340826975 0.997064995738
93 0.588868631815 0.998780359114
94 0.603166744147 0.999657435767
95 0.617237017717 0.999956536839
96 0.631081172192 0.999999339325
97 0.644700774176 0.999999999968
98 0.658097226283 0.999999999995
99 0.671271750339 1.00000000001
100 0.684225380197 0.999999999887
101 0.696958948765 0.999999947886
102 0.709473078668 0.99999890291
103 0.72176817365 0.999992264958
104 0.733844407652 0.999969037038
105 0.745701716976 0.999912037519
106 0.757339789011 0.999800314852
107 0.768758053042 0.999611928054
108 0.779955668389 0.999326068084
109 0.790931514848 0.998924304915
110 0.801684177594 0.998391143577
111 0.812211938137 0.997714086081
112 0.822512754997 0.996883467537
113 0.832584252671 0.9958921389
114 0.842423703499 0.994735102774
115 0.852028009139 0.993409176931
116 0.861393683605 0.991912659829
117 0.870516831638 0.990245046505
118 0.879393127974 0.988406789997
119 0.88801779518 0.986399088316
120 0.896385578465 0.984223716865
121 0.904490726127 0.981882888587
122 0.912326961423 0.979379136462
123 0.919887461996 0.976715223208
124 0.927164839271 0.97389406519
125 0.93415112003 0.970918672498
126 0.94083773471 0.967792101786
127 0.947215516353 0.964517418009
128 0.953274708048 0.961097665228
129 0.959004996135 0.957535843263
130 0.964395563898 0.953834890232
131 0.969435189326 0.949997669419
132 0.974112395005 0.946026958434
133 0.978415675039 0.941925442917
134 0.982333827572 0.937695712669
135 0.985856433223 0.933340255405
136 0.98897453237 0.928861458215
137 0.9916815709 0.924261605891
138 0.993974699709 0.919542880971
139 0.995856524288 0.91470736451
140 0.997337388616 0.909757037552
141 0.998438203718 0.904693784622
142 0.999193610436 0.89951939355
143 0.999654740601 0.894235559533
144 0.999889764803 0.888843886759
145 0.999978736011 0.883345890318
146 0.999998482746 0.877743000718
147 0.999999990957 0.872036565911
148 1.00000000001 0.866227852028
149 0.999999999999 0.860318048467
150 0.999999999997 0.854308268448
151 1.00000000002 0.848199552559
152 0.999999999938 0.841992871528
153 0.999999999872 0.835689126133
154 0.999999991043 0.829289152563
155 0.999999904424 0.822793722588
156 0.999999450642 0.816203545159
157 0.999997870198 0.809519269637
158 0.999993744368 0.802741487249
159 0.999984904847 0.795870732682
160 0.999968457561 0.788907485517
161 0.999940925962 0.781852171319
162 0.999898439924 0.774705165314
163 0.999836911489 0.767466792037
164 0.999752195506 0.760137325509
165 0.999640229538 0.752716994043
166 0.999497135727 0.74520597874
167 0.9993192862 0.737604415436
168 0.999103346105 0.729912396369
169 0.998846301259 0.722129970073
170 0.998545468266 0.714257144025
171 0.998198484997 0.706293885001
172 0.997803298535 0.698240119468
173 0.997358149568 0.690095735615
174 0.996861556435 0.68186058406
175 0.996312289982 0.673534478735
176 0.995709349364 0.665117198143
177 0.995051940957 0.656608485748
178 0.994339459081 0.648008052386
179 0.993571466906 0.639315576495
180 0.992747675001 0.630530705804
181 0.991867924205 0.621653057593
182 0.9909321704 0.612682220687
183 0.989940471754 0.603617759812
184 0.988892974517 0.59445921099
185 0.987789900554 0.585206089063
186 0.986631537193 0.575857887909
187 0.985418228211 0.566414081505
188 0.984150365961 0.556874128354
189 0.982828383023 0.547237472353
190 0.981452745484 0.537503547464
191 0.980023947259 0.527671782303
192 0.978542505429 0.517741600585
193 0.977008955166 0.507712429473
194 0.97542384556 0.497583703389
195 0.973787736237 0.487354869678
196 0.972101194263 0.477025395999
197 0.970364791459 0.466594778119
198 0.96857910188 0.456062550404
199 0.966744699694 0.445428293988
200 0.964862157455 0.43469164834
201 0.962932044641 0.423852327452
202 0.960954926069 0.412910134922
203 0.958931360804 0.40186498116
204 0.95686190122 0.390716906346
205 0.954747092138 0.379466100965
206 0.952587470039 0.368112939661
207 0.95038356263 0.356658008548
208 0.948135887971 0.345102150247
209 0.945844954093 0.333446502827
210 0.943511259234 0.321692549305
211 0.941135291792 0.309842192134
212 0.938717528453 0.297897808036
213 0.936258435181 0.285862342793
214 0.933758467954 0.273739408092
215 0.931218070783 0.261533396696
216 0.928637677653 0.249249622964
217 0.926017711005 0.236894486543
218 0.923358582088 0.224475668426
219 0.920660692422 0.212002363586
220 0.917924431546 0.199485561542
221 0.915150178361 0.186938381988
222 0.91233830152 0.174376472059
223 0.909489159339 0.161818499752
224 0.906603099707 0.149286734584
225 0.903680459887 0.136807743898
226 0.900721567277 0.124413275463
227 0.897726739569 0.112141253628
228 0.894696284569 0.100037023954
229 0.891630500298 0.0881548891778
230 0.888529675081 0.0765597431634
231 0.885394088135 0.0653291817628
232 0.882224009804 0.0545557897382
233 0.879019701236 0.0443492058582
234 0.87578141487 0.0348384690389
235 0.87250939439 0.0261727170278
236 0.869203874769 0.0185190704789
237 0.865865082689 0.0120551569976
238 0.862493237086 0.0069488487291
239 0.859088548138 0.00331799909209
240 0.855651218431 0.00114949988722
241 0.852181443108 0.000208695058928
242 0.848679409025 1.34095554716e-05
243 0.845145296507 0.0
244 0.841579277585 2.33604534285e-06
245 0.837981517236 0.0
246 0.834352174389 0.0
247 0.83069139972 0.0
248 0.82699933796 0.0
249 0.823276126759 0.0
250 0.819521896975 0.0
251 0.815736773968 0.0
252 0.811920875529 0.0
253 0.808074313853 0.0
254 0.804197195225 0.0
255 0.800289619548 0.0
256 0.796351681197 0.0
257 0.792383468386 0.0
258 0.78838506313 0.0
259 0.78435654242 0.0
260 0.78029797869 0.0
261 0.77620943682 0.0
262 0.772090977884 0.0
263 0.767942657556 0.0
264 0.763764525206 0.0
265 0.759556626138 0.0
266 0.755319000605 0.0
267 0.751051683521 0.0
268 0.746754705057 0.0
269 0.742428090879 0.0
270 0.73807186089 0.0
271 0.733686031579 0.0
272 0.729270614446 0.0
273 0.724825615733 0.0
274 0.720351038204 0.0
275 0.715846879615 0.0
276 0.711313133679 0.0
277 0.70674978994 0.0
278 0.702156833313 0.0
279 0.697534244587 0.0
280 0.692882000936 0.0
281 0.688200075243 0.0
282 0.683488436338 0.0
283 0.67874704964 0.0
284 0.67397587562 0.0
285 0.669174872181 0.0
286 0.664343993401 0.0
287 0.659483188669 0.0
288 0.654592404966 0.0
289 0.649671585251 0.0
290 0.644720669104 0.0
291 0.639739593185 0.0
292 0.634728290719 0.0
293 0.629686690537 0.0
294 0.624614720204 0.0
295 0.619512303595 0.0
296 0.614379360424 0.0
297 0.609215810113 0.0
298 0.60402156771 0.0
299 0.598796545286 0.0
300 0.593540653042 0.0
301 0.588253799078 0.0
302 0.582935888744 0.0
303 0.577586826003 0.0
304 0.572206512171 0.0
305 0.566794846297 0.0
306 0.561351727297 0.0
307 0.555877051056 0.0
308 0.550370713063 0.0
309 0.544832607748 0.0
310 0.539262627709 0.0
311 0.533660666922 0.0
312 0.528026616966 0.0
313 0.522360369905 0.0
314 0.516661818907 0.0
315 0.510930856171 0.0
316 0.505167376152 0.0
317 0.49937127359 0.0
318 0.49354244479 0.0
319 0.487680788926 0.0
320 0.481786206764 0.0
321 0.475858602198 0.0
322 0.469897883028 0.0
323 0.463903961158 0.0
324 0.457876752883 0.0
325 0.451816180421 0.0
326 0.4457221715 0.0
327 0.43959466057 0.0
328 0.433433590152 0.0
329 0.427238911685 0.0
330 0.421010586765 0.0
331 0.414748587201 0.0
332 0.408452896572 0.0
333 0.402123512364 0.0
334 0.395760447 0.0
335 0.389363728935 0.0
336 0.382933403588 0.0
337 0.37646953635 0.0
338 0.369972216635 0.0
339 0.363441554758 0.0
340 0.356877689057 0.0
341 0.3502807871 0.0
342 0.343651045962 0.0
343 0.336988700238 0.0
344 0.330294019579 0.0
345 0.323567316443 0.0
346 0.316808951236 0.0
347 0.310019332518 0.0
348 0.303198923185 0.0
349 0.29634824735 0.0
350 0.289467895625 0.0
351 0.282558530557 0.0
352 0.275620894434 0.0
353 0.268655816942 0.0
354 0.261664223397 0.0
355 0.254647144386 0.0
356 0.247605726472 0.0
357 0.240541242978 0.0
358 0.233455106999 0.0
359 0.226348885508 0.0
360 0.219224315097 0.0
361 0.212083319069 0.0
362 0.204928025891 0.0
363 0.197760790512 0.0
364 0.190584218993 0.0
365 0.183401195553 0.0
366 0.176214907762 0.0
367 0.169028880991 0.0
368 0.161847015677 0.0
369 0.154673628839 0.0
370 0.147513496694 0.0
371 0.140371900701 0.0
372 0.133254686946 0.0
373 0.12616833173 0.0
374 0.119120013767 0.0
375 0.11211767486 0.0
376 0.10517010917 0.0
377 0.0982870656113 0.0
378 0.0914793594387 0.0
379 0.0847589776643 0.0
380 0.078139170798 0.0
381 0.0716346105786 0.0
382 0.065261547219 0.0
383 0.0590379689683 0.0
384 0.0529836770677 0.0
385 0.0471204192233 0.0
386 0.0414720624472 0.0
387 0.0360647027661 0.0
388 0.0309266280151 0.0
389 0.0260880608177 0.0
390 0.0215810210755 0.0
391 0.0174388639779 0.0
392 0.0136952374351 0.0
393 0.0103822620179 0.0
394 0.0075285835319 0.0
395 0.0051564424083 0.0
396 0.00327623022239 0.0
397 0.00187759044153 0.0
398 0.000927311279565 0.0
399 0.000368974078248 0.0
400 0.000109693735986 0.0
401 1.20585287382e-05 0.0
402 9.33348072573e-06 0.0
403 0.0 0.0
404 3.10942754186e-06 0.0
405 0.0 0.0
406 0.0 0.0
407 0.0 0.0
408 0.0 0.0
409 0.0 0.0
410 0.0 0.0
411 0.0 0.0
412 0.0 0.0
413 0.0 0.0
414 0.0 0.0
415 0.0 0.0
416 0.0 0.0
417 0.0 0.0
418 0.0 0.0
419 0.0 0.0
420 0.0 0.0
421 0.0 0.0
422 0.0 0.0
423 0.0 0.0
424 0.0 0.0
425 0.0 0.0
426 0.0 0.0
427 0.0 0.0
428 0.0 0.0
429 0.0 0.0
430 0.0 0.0
431 0.0 0.0
432 0.0 0.0
433 0.0 0.0
434 0.0 0.0
435 0.0 0.0
436 0.0 0.0
437 0.0 0.0
438 0.0 0.0
439 0.0 0.0
440 0.0 0.0
441 0.0 0.0
442 0.0 0.0
443 0.0 0.0
444 0.0 0.0
445 0.0 0.0
446 0.0 0.0
447 0.0 0.0
448 0.0 0.0
449 0.0 0.0
450 0.0 0.0
451 0.0 0.0
452 0.0 0.0
453 0.0 0.0
454 0.0 0.0
455 0.0 0.0
456 0.0 0.0
457 0.0 0.0
458 0.0 0.0
459 0.0 0.0
460 0.0 0.0
461 0.0 0.0
462 0.0 0.0
463 0.0 0.0
464 0.0 0.0
465 0.0 0.0
466 0.0 0.0
467 0.0 0.0
468 0.0 0.0
469 0.0 0.0
470 0.0 0.0
471 0.0 0.0
472 0.0 0.0
473 0.0 0.0
474 0.0 0.0
475 0.0 0.0
476 0.0 0.0
477 0.0 0.0
478 0.0 0.0
479 0.0 0.0
480 0.0 0.0
481 0.0 0.0
482 0.0 0.0
483 0.0 0.0
484 0.0 0.0
485 0.0 0.0
486 0.0 0.0
487 0.0 0.0
488 0.0 0.0
489 0.0 0.0
490 0.0 0.0
491 0.0 0.0
492 0.0 0.0
493 0.0 0.0
494 0.0 0.0
495 0.0 0.0
496 0.0 0.0
497 0.0 0.0
498 0.0 0.0
499 0.0 0.0
