-0.392699081699 -1.86677165298e-05
-0.390199081699 -3.35623573417e-05
-0.387699081699 -6.33005274419e-05
-0.385199081699 -9.98389736147e-05
-0.382699081699 -0.000131183544548
-0.380199081699 -0.000145886539243
-0.377699081699 -0.000137574923918
-0.375199081699 -0.000107729718532
-0.372699081699 -6.55376933155e-05
-0.370199081699 -2.4727566424e-05
-0.367699081699 1.5199713926e-06
-0.365199081699 5.69239220219e-06
-0.362699081699 -1.09036601389e-05
-0.360199081699 -3.82860595981e-05
-0.357699081699 -6.1337105447e-05
-0.355199081699 -6.55191700109e-05
-0.352699081699 -4.26377239968e-05
-0.350199081699 5.59584654461e-06
-0.347699081699 6.76955295317e-05
-0.345199081699 0.000126346166365
-0.342699081699 0.00016479651205
-0.340199081699 0.000173309570578
-0.337699081699 0.000153142153193
-0.335199081699 0.0001163712254
-0.332699081699 8.14314821242e-05
-0.330199081699 6.59065254741e-05
-0.327699081699 7.92750755372e-05
-0.325199081699 0.000118473905436
-0.322699081699 0.00016818666527
-0.320199081699 0.000206017382191
-0.317699081699 0.000210801972354
-0.315199081699 0.000170987143859
-0.312699081699 8.98114182427e-05
-0.310199081699 -1.49067581579e-05
-0.307699081699 -0.000116584647916
-0.305199081699 -0.000189333334822
-0.302699081699 -0.000217574770615
-0.300199081699 -0.000202090450622
-0.297699081699 -0.000159972628454
-0.295199081699 -0.000118198855204
-0.292699081699 -0.000103030501385
-0.290199081699 -0.000129189780893
-0.287699081699 -0.00019307263964
-0.285199081699 -0.000272907941284
-0.282699081699 -0.000336210660306
-0.280199081699 -0.000352031005519
-0.277699081699 -0.000303468439573
-0.275199081699 -0.000195540670764
-0.272699081699 -5.50172476878e-05
-0.270199081699 7.82364369652e-05
-0.267699081699 0.000165568333243
-0.265199081699 0.000184283356967
-0.262699081699 0.000137111872802
-0.260199081699 5.2399011662e-05
-0.257699081699 -2.56195908377e-05
-0.255199081699 -5.32685141199e-05
-0.252699081699 -4.61031415044e-06
-0.250199081699 0.000117295217281
-0.247699081699 0.000279791391219
-0.245199081699 0.000431555311927
-0.242699081699 0.000521479426599
-0.240199081699 0.000518592398648
-0.237699081699 0.00042526357263
-0.235199081699 0.000278067153475
-0.232699081699 0.000135151270794
-0.230199081699 5.41735608096e-05
-0.227699081699 6.88443235976e-05
-0.225199081699 0.000173226666658
-0.222699081699 0.000320554231757
-0.220199081699 0.000438132764491
-0.217699081699 0.000453720885194
-0.215199081699 0.00032397123912
-0.212699081699 5.40226710963e-05
-0.210199081699 -0.000300019848314
-0.207699081699 -0.000647933698183
-0.205199081699 -0.000896430132351
-0.202699081699 -0.000983405345568
-0.200199081699 -0.000902359697006
-0.197699081699 -0.0007068419125
-0.195199081699 -0.000491816842158
-0.192699081699 -0.000357622575334
-0.190199081699 -0.00036939941636
-0.187699081699 -0.00052761990815
-0.185199081699 -0.000762218053676
-0.182699081699 -0.0009545690052
-0.180199081699 -0.000981009714897
-0.177699081699 -0.000762632810724
-0.175199081699 -0.000302335636264
-0.172699081699 0.000306557471869
-0.170199081699 0.000906068665106
-0.167699081699 0.00132684663946
-0.165199081699 0.00145077305754
-0.162699081699 0.00125949106313
-0.160199081699 0.000848832701259
-0.157699081699 0.000400545291761
-0.155199081699 0.000118473273465
-0.152699081699 0.000150743770893
-0.150199081699 0.000526860107798
-0.147699081699 0.00113546113245
-0.145199081699 0.00175511574775
-0.142699081699 0.00213110971242
-0.140199081699 0.00207266274952
-0.137699081699 0.00153460378027
-0.135199081699 0.000650014152745
-0.132699081699 -0.000303978964861
-0.130199081699 -0.00100093882808
-0.127699081699 -0.00118988729142
-0.125199081699 -0.000804668146292
-0.122699081699 -1.34525809006e-05
-0.120199081699 0.000817866012728
-0.117699081699 0.00124435435235
-0.115199081699 0.000906659320457
-0.112699081699 -0.000316449199479
-0.110199081699 -0.0022278039744
-0.107699081699 -0.00434345854781
-0.105199081699 -0.00603772756667
-0.102699081699 -0.00675997528154
-0.100199081699 -0.00624892253016
-0.0976990816987 -0.00466191102185
-0.0951990816987 -0.00255853610818
-0.0926990816987 -0.000725793409621
-0.0901990816987 0.000109333474732
-0.0876990816987 -0.000415274938224
-0.0851990816987 -0.00208965386096
-0.0826990816987 -0.00411664289761
-0.0801990816987 -0.00532442498298
-0.0776990816987 -0.0045615820676
-0.0751990816987 -0.00115389191811
-0.0726990816987 0.00473997174872
-0.0701990816987 0.01202489416
-0.0676990816987 0.0188997390509
-0.0651990816987 0.0233933233118
-0.0626990816987 0.0240598161122
-0.0601990816987 0.020603161318
-0.0576990816987 0.0141844607641
-0.0551990816987 0.00723561894842
-0.0526990816987 0.00274643598705
-0.0501990816987 0.00317325114419
-0.0476990816987 0.00927966733035
-0.0451990816987 0.0193063478506
-0.0426990816987 0.0288365727888
-0.0401990816987 0.0315684842481
-0.0376990816987 0.0209540276678
-0.0351990816987 -0.00761699494961
-0.0326990816987 -0.0546389930551
-0.0301990816987 -0.114970435195
-0.0276990816987 -0.177546587467
-0.0251990816987 -0.226646079893
-0.0226990816987 -0.244651859384
-0.0201990816987 -0.2158338716
-0.0176990816987 -0.130346692242
-0.0151990816987 0.0125198308803
-0.0126990816987 0.202716601566
-0.0101990816987 0.420000305573
-0.00769908169872 0.636763791969
-0.00519908169872 0.822669315324
-0.00269908169872 0.950166507534
-0.000199081698724 0.999724692292
0.00230091830128 0.963631680578
0.00480091830128 0.847510563424
0.00730091830128 0.66921292014
0.00980091830128 0.455337836366
0.0123009183013 0.236155691299
0.0148009183013 0.0400544429139
0.0173009183013 -0.111305454271
0.0198009183013 -0.206153002675
0.0223009183013 -0.243541372283
0.0248009183013 -0.232045974869
0.0273009183013 -0.186719602644
0.0298009183013 -0.125148517255
0.0323009183013 -0.0635749455067
0.0348009183013 -0.0139315922885
0.0373009183013 0.0176777707675
0.0398009183013 0.0309257638688
0.0423009183013 0.0299037015276
0.0448009183013 0.0210045357944
0.0473009183013 0.0106983944262
0.0498009183013 0.00377829412607
0.0523009183013 0.00243985933324
0.0548009183013 0.00627986419545
0.0573009183013 0.0130375794996
0.0598009183013 0.0197289590516
0.0623009183013 0.0237730150019
0.0648009183013 0.0237796476967
0.0673009183013 0.0198221615108
0.0698009183013 0.0131996545255
0.0723009183013 0.00584738138765
0.0748009183013 -0.000364131566738
0.0773009183013 -0.00420302398392
0.0798009183013 -0.00536024945148
0.0823009183013 -0.00439624417014
0.0848009183013 -0.00241641596267
0.0873009183013 -0.000619144235685
0.0898009183013 0.000118818092869
0.0923009183013 -0.000510855934053
0.0948009183013 -0.00222735266591
0.0973009183013 -0.00434254641203
0.0998009183013 -0.00605798129446
0.102300918301 -0.00676237951593
0.104800918301 -0.00622899502147
0.107300918301 -0.00465784899529
0.109800918301 -0.00256658510881
0.112300918301 -0.000584382982932
0.114800918301 0.000769963248748
0.117300918301 0.00124835292147
0.119800918301 0.000924094140764
0.122300918301 0.000127623314299
0.124800918301 -0.000698290054526
0.127300918301 -0.00116544955097
0.129800918301 -0.00106939758319
0.132300918301 -0.000440233822227
0.134800918301 0.000494250740887
0.137300918301 0.00141110319773
0.139800918301 0.00201775160884
0.142300918301 0.00215410699619
0.144800918301 0.00183750777347
0.147300918301 0.00124009096612
0.149800918301 0.0006129448703
0.152300918301 0.000188855618828
0.154800918301 0.00010015593514
0.157300918301 0.000339604925735
0.159800918301 0.000774548532662
0.162300918301 0.00120483674711
0.164800918301 0.00144025127477
0.167300918301 0.00136829493766
0.169800918301 0.00098902574699
0.172300918301 0.000407236913204
0.174800918301 -0.000211769232765
0.177300918301 -0.000704132789012
0.179800918301 -0.000963645802323
0.182300918301 -0.000972704303807
0.184800918301 -0.000799081929857
0.187300918301 -0.000562544882844
0.189800918301 -0.000385813425689
0.192300918301 -0.000348845700538
0.194800918301 -0.00046273305833
0.197300918301 -0.00067115534307
0.199800918301 -0.000876766560619
0.202300918301 -0.000981034914407
0.204800918301 -0.000922005626466
0.207300918301 -0.000696307870361
0.209800918301 -0.000358400472857
0.212300918301 1.20331890291e-06
0.214800918301 0.000289478022132
0.217300918301 0.000443291572179
0.219800918301 0.000449042844512
0.222300918301 0.000343299862263
0.224800918301 0.000195503772646
0.227300918301 8.02257456754e-05
0.229800918301 4.97416411815e-05
0.232300918301 0.000116841222474
0.234800918301 0.000253393999771
0.237300918301 0.000404081453353
0.239800918301 0.0005092105699
0.242300918301 0.000527607479179
0.244800918301 0.000451150515767
0.247300918301 0.000306114108209
0.249800918301 0.000141647269667
0.252300918301 1.04233945329e-05
0.254800918301 -5.09261374682e-05
0.257300918301 -3.43566668536e-05
0.259800918301 3.8294440997e-05
0.262300918301 0.000125104470245
0.264800918301 0.000180725885573
0.267300918301 0.000173401263392
0.269800918301 9.60642953665e-05
0.272300918301 -3.22121296731e-05
0.274800918301 -0.000174402332632
0.277300918301 -0.000289794899613
0.279800918301 -0.000348759223379
0.282300918301 -0.000342570462364
0.284800918301 -0.000284985067029
0.287300918301 -0.000205488025321
0.289800918301 -0.000137207348448
0.292300918301 -0.000104286921342
0.294800918301 -0.000113434566169
0.297300918301 -0.000152548510091
0.299800918301 -0.000196537354944
0.302300918301 -0.000217769395129
0.304800918301 -0.00019700177932
0.307300918301 -0.000130677103009
0.309800918301 -3.20354884632e-05
0.312300918301 7.4083185317e-05
0.314800918301 0.000160523041535
0.317300918301 0.000207552559367
0.319800918301 0.000209442840818
0.322300918301 0.000175616209835
0.324800918301 0.000126220635739
0.327300918301 8.40548054963e-05
0.329800918301 6.60199424893e-05
0.332300918301 7.72848368931e-05
0.334800918301 0.000110178374121
0.337300918301 0.00014796325349
0.339800918301 0.000171820766643
0.342300918301 0.00016826531
0.344800918301 0.000134186788921
0.347300918301 7.77435199277e-05
0.349800918301 1.49655780482e-05
0.352300918301 -3.64605621106e-05
0.354800918301 -6.37697784418e-05
0.357300918301 -6.35798690403e-05
0.359800918301 -4.26624271604e-05
0.362300918301 -1.48986607926e-05
0.364800918301 4.27408298573e-06
0.367300918301 3.74173724951e-06
0.369800918301 -1.92874583772e-05
0.372300918301 -5.8569423923e-05
0.374800918301 -0.000101512226434
0.377300918301 -0.000134107818612
0.379800918301 -0.000146165916389
0.382300918301 -0.000134884983655
0.384800918301 -0.000105506764972
0.387300918301 -6.89483631353e-05
0.389800918301 -3.74411014552e-05
0.392300918301 -1.99044330883e-05
0.394800918301 -1.88038391961e-05
