-1.0 0.0
-0.99 3.10192729707e-25
-0.98 1.8047359299e-14
-0.97 1.63146885e-10
-0.96 1.81011396e-08
-0.95 3.33941762e-07
-0.94 2.47115014e-06
-0.93 1.07501585e-05
-0.92 3.33635137e-05
-0.91 8.23638779e-05
-0.9 0.00017278583
-0.89 0.000321411357
-0.88 0.000545573939
-0.87 0.000862196482
-0.86 0.00128711301
-0.85 0.00183464846
-0.84 0.00251740299
-0.83 0.00334618479
-0.82 0.00433004296
-0.81 0.00547636332
-0.8 0.00679099953
-0.79 0.00827842094
-0.78 0.00994186438
-0.77 0.011783482
-0.76 0.0138044808
-0.75 0.0160052501
-0.74 0.0183854783
-0.73 0.0209442559
-0.72 0.0236801676
-0.71 0.0265913725
-0.7 0.0296756753
-0.69 0.0329305873
-0.68 0.0363533793
-0.67 0.0399411282
-0.66 0.0436907558
-0.65 0.0475990635
-0.64 0.0516627608
-0.63 0.0558784904
-0.62 0.0602428494
-0.61 0.0647524071
-0.6 0.0694037205
-0.59 0.0741933466
-0.58 0.0791178536
-0.57 0.0841738297
-0.56 0.0893578906
-0.55 0.0946666853
-0.54 0.100096901
-0.53 0.105645269
-0.52 0.111308565
-0.51 0.117083611
-0.5 0.122967283
-0.49 0.128956505
-0.48 0.135048255
-0.47 0.141239561
-0.46 0.147527507
-0.45 0.153909226
-0.44 0.160381906
-0.43 0.166942786
-0.42 0.173589155
-0.41 0.180318352
-0.4 0.187127766
-0.39 0.194014833
-0.38 0.200977036
-0.37 0.208011904
-0.36 0.215117011
-0.35 0.222289973
-0.34 0.229528448
-0.33 0.236830134
-0.32 0.244192769
-0.31 0.251614129
-0.3 0.259092025
-0.29 0.266624305
-0.28 0.274208849
-0.27 0.281843571
-0.26 0.289526414
-0.25 0.297255354
-0.24 0.305028392
-0.23 0.312843559
-0.22 0.32069891
-0.21 0.328592527
-0.2 0.336522513
-0.19 0.344486996
-0.18 0.352484123
-0.17 0.360512062
-0.16 0.368568999
-0.15 0.376653139
-0.14 0.384762704
-0.13 0.392895928
-0.12 0.401051064
-0.11 0.409226374
-0.1 0.417420136
-0.09 0.425630637
-0.08 0.433856174
-0.07 0.442095054
-0.06 0.450345591
-0.05 0.458606108
-0.04 0.466874931
-0.03 0.475150394
-0.02 0.483430833
-0.01 0.491714588
8.881784197e-16 0.5
0.01 0.508285412
0.02 0.516569167
0.03 0.524849606
0.04 0.533125069
0.05 0.541393892
0.06 0.549654409
0.07 0.557904946
0.08 0.566143826
0.09 0.574369363
0.1 0.582579864
0.11 0.590773626
0.12 0.598948936
0.13 0.607104072
0.14 0.615237296
0.15 0.623346861
0.16 0.631431001
0.17 0.639487938
0.18 0.647515877
0.19 0.655513004
0.2 0.663477487
0.21 0.671407473
0.22 0.67930109
0.23 0.687156441
0.24 0.694971608
0.25 0.702744646
0.26 0.710473586
0.27 0.718156429
0.28 0.725791151
0.29 0.733375695
0.3 0.740907975
0.31 0.748385871
0.32 0.755807231
0.33 0.763169866
0.34 0.770471552
0.35 0.777710027
0.36 0.784882989
0.37 0.791988096
0.38 0.799022964
0.39 0.805985167
0.4 0.812872234
0.41 0.819681648
0.42 0.826410845
0.43 0.833057214
0.44 0.839618094
0.45 0.846090774
0.46 0.852472493
0.47 0.858760439
0.48 0.864951745
0.49 0.871043495
0.5 0.877032717
0.51 0.882916389
0.52 0.888691435
0.53 0.894354731
0.54 0.899903099
0.55 0.9053333147
0.56 0.9106421094
0.57 0.9158261703
0.58 0.9208821464
0.59 0.9258066534
0.6 0.9305962795
0.61 0.9352475929
0.62 0.9397571506
0.63 0.9441215096
0.64 0.9483372392
0.65 0.9524009365
0.66 0.9563092442
0.67 0.9600588718
0.68 0.9636466207
0.69 0.9670694127
0.7 0.9703243247
0.71 0.9734086275
0.72 0.9763198324
0.73 0.9790557441
0.74 0.9816145217
0.75 0.9839947499
0.76 0.9861955192
0.77 0.988216518
0.78 0.99005813562
0.79 0.99172157906
0.8 0.99320900047
0.81 0.99452363668
0.82 0.99566995704
0.83 0.99665381521
0.84 0.99748259701
0.85 0.99816535154
0.86 0.99871288699
0.87 0.999137803518
0.88 0.999454426061
0.89 0.999678588643
0.9 0.99982721417
0.91 0.999917636122
0.92 0.999966636486
0.93 0.999989249841
0.94 0.99999752885
0.95 0.999999666058
0.96 0.999999981899
0.97 0.999999999837
0.98 1.0
0.99 1.0
1.0 1.0
